46 356 1138 1188 1398 , 1464 (sp=3.000000,conf=1.000000)
46 356 1138 1188 1464 , 1398 (sp=3.000000,conf=1.000000)
46 356 1138 1398 1464 , 1188 (sp=3.000000,conf=1.000000)
46 356 1188 1398 1464 , 1138 (sp=3.000000,conf=1.000000)
46 1138 1188 1398 1464 , 356 (sp=3.000000,conf=1.000000)
356 1138 1188 1398 1464 , 46 (sp=3.000000,conf=1.000000)
83 549 915 982 1192 , 1198 (sp=3.000000,conf=1.000000)
83 549 915 982 1198 , 1192 (sp=3.000000,conf=1.000000)
83 549 915 1192 1198 , 982 (sp=3.000000,conf=1.000000)
83 549 982 1192 1198 , 915 (sp=3.000000,conf=1.000000)
83 915 982 1192 1198 , 549 (sp=3.000000,conf=1.000000)
549 915 982 1192 1198 , 83 (sp=3.000000,conf=1.000000)
83 549 915 982 1192 , 1352 (sp=3.000000,conf=1.000000)
83 549 915 982 1352 , 1192 (sp=3.000000,conf=1.000000)
83 549 915 1192 1352 , 982 (sp=3.000000,conf=1.000000)
83 549 982 1192 1352 , 915 (sp=3.000000,conf=1.000000)
83 915 982 1192 1352 , 549 (sp=3.000000,conf=1.000000)
549 915 982 1192 1352 , 83 (sp=3.000000,conf=1.000000)
83 549 915 982 1198 , 1352 (sp=3.000000,conf=1.000000)
83 549 915 982 1352 , 1198 (sp=3.000000,conf=1.000000)
83 549 915 1198 1352 , 982 (sp=3.000000,conf=1.000000)
83 549 982 1198 1352 , 915 (sp=3.000000,conf=1.000000)
83 915 982 1198 1352 , 549 (sp=3.000000,conf=1.000000)
549 915 982 1198 1352 , 83 (sp=3.000000,conf=1.000000)
83 549 915 1192 1198 , 1352 (sp=3.000000,conf=1.000000)
83 549 915 1192 1352 , 1198 (sp=3.000000,conf=1.000000)
83 549 915 1198 1352 , 1192 (sp=3.000000,conf=1.000000)
83 549 1192 1198 1352 , 915 (sp=3.000000,conf=1.000000)
83 915 1192 1198 1352 , 549 (sp=3.000000,conf=1.000000)
549 915 1192 1198 1352 , 83 (sp=3.000000,conf=1.000000)
83 549 982 1192 1198 , 1352 (sp=3.000000,conf=1.000000)
83 549 982 1192 1352 , 1198 (sp=3.000000,conf=1.000000)
83 549 982 1198 1352 , 1192 (sp=3.000000,conf=1.000000)
83 549 1192 1198 1352 , 982 (sp=3.000000,conf=1.000000)
83 982 1192 1198 1352 , 549 (sp=3.000000,conf=1.000000)
549 982 1192 1198 1352 , 83 (sp=3.000000,conf=1.000000)
83 915 982 1192 1198 , 1352 (sp=3.000000,conf=1.000000)
83 915 982 1192 1352 , 1198 (sp=3.000000,conf=1.000000)
83 915 982 1198 1352 , 1192 (sp=3.000000,conf=1.000000)
83 915 1192 1198 1352 , 982 (sp=3.000000,conf=1.000000)
83 982 1192 1198 1352 , 915 (sp=3.000000,conf=1.000000)
915 982 1192 1198 1352 , 83 (sp=3.000000,conf=1.000000)
104 337 341 508 1163 , 1383 (sp=3.000000,conf=1.000000)
104 337 341 508 1383 , 1163 (sp=3.000000,conf=1.000000)
104 337 341 1163 1383 , 508 (sp=3.000000,conf=1.000000)
104 337 508 1163 1383 , 341 (sp=3.000000,conf=1.000000)
104 341 508 1163 1383 , 337 (sp=3.000000,conf=1.000000)
337 341 508 1163 1383 , 104 (sp=3.000000,conf=1.000000)
104 337 341 508 1163 , 1546 (sp=3.000000,conf=1.000000)
104 337 341 508 1546 , 1163 (sp=3.000000,conf=1.000000)
104 337 341 1163 1546 , 508 (sp=3.000000,conf=1.000000)
104 337 508 1163 1546 , 341 (sp=3.000000,conf=1.000000)
104 341 508 1163 1546 , 337 (sp=3.000000,conf=1.000000)
337 341 508 1163 1546 , 104 (sp=3.000000,conf=1.000000)
104 337 341 508 1383 , 1546 (sp=3.000000,conf=1.000000)
104 337 341 508 1546 , 1383 (sp=3.000000,conf=1.000000)
104 337 341 1383 1546 , 508 (sp=3.000000,conf=1.000000)
104 337 508 1383 1546 , 341 (sp=3.000000,conf=1.000000)
104 341 508 1383 1546 , 337 (sp=3.000000,conf=1.000000)
337 341 508 1383 1546 , 104 (sp=3.000000,conf=1.000000)
104 337 341 1163 1383 , 1546 (sp=3.000000,conf=1.000000)
104 337 341 1163 1546 , 1383 (sp=3.000000,conf=1.000000)
104 337 341 1383 1546 , 1163 (sp=3.000000,conf=1.000000)
104 337 1163 1383 1546 , 341 (sp=3.000000,conf=1.000000)
104 341 1163 1383 1546 , 337 (sp=3.000000,conf=1.000000)
337 341 1163 1383 1546 , 104 (sp=3.000000,conf=1.000000)
104 337 508 1163 1383 , 1546 (sp=3.000000,conf=1.000000)
104 337 508 1163 1546 , 1383 (sp=3.000000,conf=1.000000)
104 337 508 1383 1546 , 1163 (sp=3.000000,conf=1.000000)
104 337 1163 1383 1546 , 508 (sp=3.000000,conf=1.000000)
104 508 1163 1383 1546 , 337 (sp=3.000000,conf=1.000000)
337 508 1163 1383 1546 , 104 (sp=3.000000,conf=1.000000)
104 341 508 1163 1383 , 1546 (sp=3.000000,conf=1.000000)
104 341 508 1163 1546 , 1383 (sp=3.000000,conf=1.000000)
104 341 508 1383 1546 , 1163 (sp=3.000000,conf=1.000000)
104 341 1163 1383 1546 , 508 (sp=3.000000,conf=1.000000)
104 508 1163 1383 1546 , 341 (sp=3.000000,conf=1.000000)
341 508 1163 1383 1546 , 104 (sp=3.000000,conf=1.000000)
194 344 504 1199 1286 , 1336 (sp=3.000000,conf=1.000000)
194 344 504 1199 1336 , 1286 (sp=3.000000,conf=1.000000)
194 344 504 1286 1336 , 1199 (sp=3.000000,conf=1.000000)
194 344 1199 1286 1336 , 504 (sp=3.000000,conf=1.000000)
194 504 1199 1286 1336 , 344 (sp=3.000000,conf=1.000000)
344 504 1199 1286 1336 , 194 (sp=3.000000,conf=1.000000)
337 341 508 1163 1383 , 1546 (sp=3.000000,conf=1.000000)
337 341 508 1163 1546 , 1383 (sp=3.000000,conf=1.000000)
337 341 508 1383 1546 , 1163 (sp=3.000000,conf=1.000000)
337 341 1163 1383 1546 , 508 (sp=3.000000,conf=1.000000)
337 508 1163 1383 1546 , 341 (sp=3.000000,conf=1.000000)
341 508 1163 1383 1546 , 337 (sp=3.000000,conf=1.000000)
454 887 1097 1103 1396 , 1546 (sp=3.000000,conf=1.000000)
454 887 1097 1103 1546 , 1396 (sp=3.000000,conf=0.750000)
454 887 1097 1396 1546 , 1103 (sp=3.000000,conf=1.000000)
454 887 1103 1396 1546 , 1097 (sp=3.000000,conf=1.000000)
454 1097 1103 1396 1546 , 887 (sp=3.000000,conf=1.000000)
887 1097 1103 1396 1546 , 454 (sp=3.000000,conf=1.000000)
485 718 941 1294 1461 , 1544 (sp=3.000000,conf=1.000000)
485 718 941 1294 1544 , 1461 (sp=3.000000,conf=1.000000)
485 718 941 1461 1544 , 1294 (sp=3.000000,conf=1.000000)
485 718 1294 1461 1544 , 941 (sp=3.000000,conf=1.000000)
485 941 1294 1461 1544 , 718 (sp=3.000000,conf=1.000000)
718 941 1294 1461 1544 , 485 (sp=3.000000,conf=1.000000)
509 559 836 852 975 , 1125 (sp=3.000000,conf=1.000000)
509 559 836 852 1125 , 975 (sp=3.000000,conf=1.000000)
509 559 836 975 1125 , 852 (sp=3.000000,conf=1.000000)
509 559 852 975 1125 , 836 (sp=3.000000,conf=1.000000)
509 836 852 975 1125 , 559 (sp=3.000000,conf=1.000000)
559 836 852 975 1125 , 509 (sp=3.000000,conf=1.000000)
549 915 982 1192 1198 , 1352 (sp=3.000000,conf=1.000000)
549 915 982 1192 1352 , 1198 (sp=3.000000,conf=1.000000)
549 915 982 1198 1352 , 1192 (sp=3.000000,conf=1.000000)
549 915 1192 1198 1352 , 982 (sp=3.000000,conf=1.000000)
549 982 1192 1198 1352 , 915 (sp=3.000000,conf=1.000000)
915 982 1192 1198 1352 , 549 (sp=3.000000,conf=1.000000)
