2 139 505 1360 , 1514 (sp=3.000000,conf=1.000000)
2 139 505 1514 , 1360 (sp=3.000000,conf=1.000000)
2 139 1360 1514 , 505 (sp=3.000000,conf=1.000000)
2 505 1360 1514 , 139 (sp=3.000000,conf=1.000000)
139 505 1360 1514 , 2 (sp=3.000000,conf=1.000000)
7 190 556 623 , 1411 (sp=3.000000,conf=1.000000)
7 190 556 1411 , 623 (sp=3.000000,conf=1.000000)
7 190 623 1411 , 556 (sp=3.000000,conf=1.000000)
7 556 623 1411 , 190 (sp=3.000000,conf=1.000000)
190 556 623 1411 , 7 (sp=3.000000,conf=1.000000)
43 375 777 951 , 1452 (sp=3.000000,conf=1.000000)
43 375 777 1452 , 951 (sp=3.000000,conf=1.000000)
43 375 951 1452 , 777 (sp=3.000000,conf=1.000000)
43 777 951 1452 , 375 (sp=3.000000,conf=1.000000)
375 777 951 1452 , 43 (sp=3.000000,conf=1.000000)
46 356 1138 1188 , 1398 (sp=3.000000,conf=1.000000)
46 356 1138 1398 , 1188 (sp=3.000000,conf=1.000000)
46 356 1188 1398 , 1138 (sp=3.000000,conf=1.000000)
46 1138 1188 1398 , 356 (sp=3.000000,conf=1.000000)
356 1138 1188 1398 , 46 (sp=3.000000,conf=1.000000)
46 356 1138 1188 , 1464 (sp=3.000000,conf=1.000000)
46 356 1138 1464 , 1188 (sp=3.000000,conf=1.000000)
46 356 1188 1464 , 1138 (sp=3.000000,conf=1.000000)
46 1138 1188 1464 , 356 (sp=3.000000,conf=1.000000)
356 1138 1188 1464 , 46 (sp=3.000000,conf=1.000000)
46 356 1138 1398 , 1464 (sp=3.000000,conf=1.000000)
46 356 1138 1464 , 1398 (sp=3.000000,conf=1.000000)
46 356 1398 1464 , 1138 (sp=3.000000,conf=1.000000)
46 1138 1398 1464 , 356 (sp=3.000000,conf=1.000000)
356 1138 1398 1464 , 46 (sp=3.000000,conf=1.000000)
46 356 1188 1398 , 1464 (sp=3.000000,conf=1.000000)
46 356 1188 1464 , 1398 (sp=3.000000,conf=1.000000)
46 356 1398 1464 , 1188 (sp=3.000000,conf=1.000000)
46 1188 1398 1464 , 356 (sp=3.000000,conf=1.000000)
356 1188 1398 1464 , 46 (sp=3.000000,conf=1.000000)
46 1138 1188 1398 , 1464 (sp=3.000000,conf=1.000000)
46 1138 1188 1464 , 1398 (sp=3.000000,conf=1.000000)
46 1138 1398 1464 , 1188 (sp=3.000000,conf=1.000000)
46 1188 1398 1464 , 1138 (sp=3.000000,conf=1.000000)
1138 1188 1398 1464 , 46 (sp=3.000000,conf=1.000000)
71 448 554 558 , 1373 (sp=4.000000,conf=1.000000)
71 448 554 1373 , 558 (sp=4.000000,conf=1.000000)
71 448 558 1373 , 554 (sp=4.000000,conf=1.000000)
71 554 558 1373 , 448 (sp=4.000000,conf=1.000000)
448 554 558 1373 , 71 (sp=4.000000,conf=1.000000)
83 549 915 982 , 1192 (sp=3.000000,conf=1.000000)
83 549 915 1192 , 982 (sp=3.000000,conf=1.000000)
83 549 982 1192 , 915 (sp=3.000000,conf=1.000000)
83 915 982 1192 , 549 (sp=3.000000,conf=1.000000)
549 915 982 1192 , 83 (sp=3.000000,conf=1.000000)
83 549 915 982 , 1198 (sp=3.000000,conf=1.000000)
83 549 915 1198 , 982 (sp=3.000000,conf=0.750000)
83 549 982 1198 , 915 (sp=3.000000,conf=1.000000)
83 915 982 1198 , 549 (sp=3.000000,conf=1.000000)
549 915 982 1198 , 83 (sp=3.000000,conf=1.000000)
83 549 915 982 , 1352 (sp=3.000000,conf=1.000000)
83 549 915 1352 , 982 (sp=3.000000,conf=1.000000)
83 549 982 1352 , 915 (sp=3.000000,conf=1.000000)
83 915 982 1352 , 549 (sp=3.000000,conf=1.000000)
549 915 982 1352 , 83 (sp=3.000000,conf=1.000000)
83 549 915 1192 , 1198 (sp=3.000000,conf=1.000000)
83 549 915 1198 , 1192 (sp=3.000000,conf=0.750000)
83 549 1192 1198 , 915 (sp=3.000000,conf=1.000000)
83 915 1192 1198 , 549 (sp=3.000000,conf=1.000000)
549 915 1192 1198 , 83 (sp=3.000000,conf=1.000000)
83 549 915 1192 , 1352 (sp=3.000000,conf=1.000000)
83 549 915 1352 , 1192 (sp=3.000000,conf=1.000000)
83 549 1192 1352 , 915 (sp=3.000000,conf=1.000000)
83 915 1192 1352 , 549 (sp=3.000000,conf=1.000000)
549 915 1192 1352 , 83 (sp=3.000000,conf=1.000000)
83 549 915 1198 , 1352 (sp=3.000000,conf=0.750000)
83 549 915 1352 , 1198 (sp=3.000000,conf=1.000000)
83 549 1198 1352 , 915 (sp=3.000000,conf=1.000000)
83 915 1198 1352 , 549 (sp=3.000000,conf=1.000000)
549 915 1198 1352 , 83 (sp=3.000000,conf=1.000000)
83 549 982 1192 , 1198 (sp=3.000000,conf=1.000000)
83 549 982 1198 , 1192 (sp=3.000000,conf=1.000000)
83 549 1192 1198 , 982 (sp=3.000000,conf=1.000000)
83 982 1192 1198 , 549 (sp=3.000000,conf=1.000000)
549 982 1192 1198 , 83 (sp=3.000000,conf=1.000000)
83 549 982 1192 , 1352 (sp=3.000000,conf=1.000000)
83 549 982 1352 , 1192 (sp=3.000000,conf=1.000000)
83 549 1192 1352 , 982 (sp=3.000000,conf=1.000000)
83 982 1192 1352 , 549 (sp=3.000000,conf=1.000000)
549 982 1192 1352 , 83 (sp=3.000000,conf=1.000000)
83 549 982 1198 , 1352 (sp=3.000000,conf=1.000000)
83 549 982 1352 , 1198 (sp=3.000000,conf=1.000000)
83 549 1198 1352 , 982 (sp=3.000000,conf=1.000000)
83 982 1198 1352 , 549 (sp=3.000000,conf=1.000000)
549 982 1198 1352 , 83 (sp=3.000000,conf=1.000000)
83 549 1192 1198 , 1352 (sp=3.000000,conf=1.000000)
83 549 1192 1352 , 1198 (sp=3.000000,conf=1.000000)
83 549 1198 1352 , 1192 (sp=3.000000,conf=1.000000)
83 1192 1198 1352 , 549 (sp=3.000000,conf=1.000000)
549 1192 1198 1352 , 83 (sp=3.000000,conf=1.000000)
83 915 982 1192 , 1198 (sp=3.000000,conf=1.000000)
83 915 982 1198 , 1192 (sp=3.000000,conf=1.000000)
83 915 1192 1198 , 982 (sp=3.000000,conf=1.000000)
83 982 1192 1198 , 915 (sp=3.000000,conf=1.000000)
915 982 1192 1198 , 83 (sp=3.000000,conf=1.000000)
83 915 982 1192 , 1352 (sp=3.000000,conf=1.000000)
83 915 982 1352 , 1192 (sp=3.000000,conf=1.000000)
83 915 1192 1352 , 982 (sp=3.000000,conf=1.000000)
83 982 1192 1352 , 915 (sp=3.000000,conf=1.000000)
915 982 1192 1352 , 83 (sp=3.000000,conf=1.000000)
83 915 982 1198 , 1352 (sp=3.000000,conf=1.000000)
83 915 982 1352 , 1198 (sp=3.000000,conf=1.000000)
83 915 1198 1352 , 982 (sp=3.000000,conf=1.000000)
83 982 1198 1352 , 915 (sp=3.000000,conf=1.000000)
915 982 1198 1352 , 83 (sp=3.000000,conf=1.000000)
83 915 1192 1198 , 1352 (sp=3.000000,conf=1.000000)
83 915 1192 1352 , 1198 (sp=3.000000,conf=1.000000)
83 915 1198 1352 , 1192 (sp=3.000000,conf=1.000000)
83 1192 1198 1352 , 915 (sp=3.000000,conf=1.000000)
915 1192 1198 1352 , 83 (sp=3.000000,conf=1.000000)
83 982 1192 1198 , 1352 (sp=3.000000,conf=1.000000)
83 982 1192 1352 , 1198 (sp=3.000000,conf=1.000000)
83 982 1198 1352 , 1192 (sp=3.000000,conf=1.000000)
83 1192 1198 1352 , 982 (sp=3.000000,conf=1.000000)
982 1192 1198 1352 , 83 (sp=3.000000,conf=1.000000)
104 337 341 508 , 1163 (sp=3.000000,conf=1.000000)
104 337 341 1163 , 508 (sp=3.000000,conf=1.000000)
104 337 508 1163 , 341 (sp=3.000000,conf=1.000000)
104 341 508 1163 , 337 (sp=3.000000,conf=1.000000)
337 341 508 1163 , 104 (sp=3.000000,conf=1.000000)
104 337 341 508 , 1383 (sp=3.000000,conf=1.000000)
104 337 341 1383 , 508 (sp=3.000000,conf=1.000000)
104 337 508 1383 , 341 (sp=3.000000,conf=1.000000)
104 341 508 1383 , 337 (sp=3.000000,conf=1.000000)
337 341 508 1383 , 104 (sp=3.000000,conf=1.000000)
104 337 341 508 , 1546 (sp=3.000000,conf=1.000000)
104 337 341 1546 , 508 (sp=3.000000,conf=1.000000)
104 337 508 1546 , 341 (sp=3.000000,conf=1.000000)
104 341 508 1546 , 337 (sp=3.000000,conf=1.000000)
337 341 508 1546 , 104 (sp=3.000000,conf=1.000000)
104 337 341 1163 , 1383 (sp=3.000000,conf=1.000000)
104 337 341 1383 , 1163 (sp=3.000000,conf=1.000000)
104 337 1163 1383 , 341 (sp=3.000000,conf=1.000000)
104 341 1163 1383 , 337 (sp=3.000000,conf=1.000000)
337 341 1163 1383 , 104 (sp=3.000000,conf=1.000000)
104 337 341 1163 , 1546 (sp=3.000000,conf=1.000000)
104 337 341 1546 , 1163 (sp=3.000000,conf=1.000000)
104 337 1163 1546 , 341 (sp=3.000000,conf=1.000000)
104 341 1163 1546 , 337 (sp=3.000000,conf=1.000000)
337 341 1163 1546 , 104 (sp=3.000000,conf=1.000000)
104 337 341 1383 , 1546 (sp=3.000000,conf=1.000000)
104 337 341 1546 , 1383 (sp=3.000000,conf=1.000000)
104 337 1383 1546 , 341 (sp=3.000000,conf=1.000000)
104 341 1383 1546 , 337 (sp=3.000000,conf=1.000000)
337 341 1383 1546 , 104 (sp=3.000000,conf=1.000000)
104 337 508 1163 , 1383 (sp=3.000000,conf=1.000000)
104 337 508 1383 , 1163 (sp=3.000000,conf=1.000000)
104 337 1163 1383 , 508 (sp=3.000000,conf=1.000000)
104 508 1163 1383 , 337 (sp=3.000000,conf=1.000000)
337 508 1163 1383 , 104 (sp=3.000000,conf=1.000000)
104 337 508 1163 , 1546 (sp=3.000000,conf=1.000000)
104 337 508 1546 , 1163 (sp=3.000000,conf=1.000000)
104 337 1163 1546 , 508 (sp=3.000000,conf=1.000000)
104 508 1163 1546 , 337 (sp=3.000000,conf=1.000000)
337 508 1163 1546 , 104 (sp=3.000000,conf=1.000000)
104 337 508 1383 , 1546 (sp=3.000000,conf=1.000000)
104 337 508 1546 , 1383 (sp=3.000000,conf=1.000000)
104 337 1383 1546 , 508 (sp=3.000000,conf=1.000000)
104 508 1383 1546 , 337 (sp=3.000000,conf=1.000000)
337 508 1383 1546 , 104 (sp=3.000000,conf=1.000000)
104 337 1163 1383 , 1546 (sp=3.000000,conf=1.000000)
104 337 1163 1546 , 1383 (sp=3.000000,conf=1.000000)
104 337 1383 1546 , 1163 (sp=3.000000,conf=1.000000)
104 1163 1383 1546 , 337 (sp=3.000000,conf=1.000000)
337 1163 1383 1546 , 104 (sp=3.000000,conf=1.000000)
104 341 508 1163 , 1383 (sp=3.000000,conf=1.000000)
104 341 508 1383 , 1163 (sp=3.000000,conf=1.000000)
104 341 1163 1383 , 508 (sp=3.000000,conf=1.000000)
104 508 1163 1383 , 341 (sp=3.000000,conf=1.000000)
341 508 1163 1383 , 104 (sp=3.000000,conf=1.000000)
104 341 508 1163 , 1546 (sp=3.000000,conf=1.000000)
104 341 508 1546 , 1163 (sp=3.000000,conf=1.000000)
104 341 1163 1546 , 508 (sp=3.000000,conf=1.000000)
104 508 1163 1546 , 341 (sp=3.000000,conf=1.000000)
341 508 1163 1546 , 104 (sp=3.000000,conf=1.000000)
104 341 508 1383 , 1546 (sp=3.000000,conf=1.000000)
104 341 508 1546 , 1383 (sp=3.000000,conf=1.000000)
104 341 1383 1546 , 508 (sp=3.000000,conf=1.000000)
104 508 1383 1546 , 341 (sp=3.000000,conf=1.000000)
341 508 1383 1546 , 104 (sp=3.000000,conf=1.000000)
104 341 1163 1383 , 1546 (sp=3.000000,conf=1.000000)
104 341 1163 1546 , 1383 (sp=3.000000,conf=1.000000)
104 341 1383 1546 , 1163 (sp=3.000000,conf=1.000000)
104 1163 1383 1546 , 341 (sp=3.000000,conf=1.000000)
341 1163 1383 1546 , 104 (sp=3.000000,conf=1.000000)
104 508 1163 1383 , 1546 (sp=3.000000,conf=1.000000)
104 508 1163 1546 , 1383 (sp=3.000000,conf=1.000000)
104 508 1383 1546 , 1163 (sp=3.000000,conf=1.000000)
104 1163 1383 1546 , 508 (sp=3.000000,conf=1.000000)
508 1163 1383 1546 , 104 (sp=3.000000,conf=1.000000)
111 593 597 976 , 1413 (sp=3.000000,conf=1.000000)
111 593 597 1413 , 976 (sp=3.000000,conf=1.000000)
111 593 976 1413 , 597 (sp=3.000000,conf=1.000000)
111 597 976 1413 , 593 (sp=3.000000,conf=1.000000)
593 597 976 1413 , 111 (sp=3.000000,conf=1.000000)
126 232 1015 1334 , 1472 (sp=3.000000,conf=1.000000)
126 232 1015 1472 , 1334 (sp=3.000000,conf=1.000000)
126 232 1334 1472 , 1015 (sp=3.000000,conf=1.000000)
126 1015 1334 1472 , 232 (sp=3.000000,conf=1.000000)
232 1015 1334 1472 , 126 (sp=3.000000,conf=1.000000)
127 150 306 410 , 610 (sp=3.000000,conf=1.000000)
127 150 306 610 , 410 (sp=3.000000,conf=1.000000)
127 150 410 610 , 306 (sp=3.000000,conf=1.000000)
127 306 410 610 , 150 (sp=3.000000,conf=1.000000)
150 306 410 610 , 127 (sp=3.000000,conf=1.000000)
137 380 613 836 , 1152 (sp=3.000000,conf=1.000000)
137 380 613 1152 , 836 (sp=3.000000,conf=1.000000)
137 380 836 1152 , 613 (sp=3.000000,conf=1.000000)
137 613 836 1152 , 380 (sp=3.000000,conf=1.000000)
380 613 836 1152 , 137 (sp=3.000000,conf=1.000000)
163 220 330 413 , 912 (sp=3.000000,conf=1.000000)
163 220 330 912 , 413 (sp=3.000000,conf=1.000000)
163 220 413 912 , 330 (sp=3.000000,conf=1.000000)
163 330 413 912 , 220 (sp=3.000000,conf=1.000000)
220 330 413 912 , 163 (sp=3.000000,conf=1.000000)
194 344 504 1199 , 1286 (sp=3.000000,conf=1.000000)
194 344 504 1286 , 1199 (sp=3.000000,conf=1.000000)
194 344 1199 1286 , 504 (sp=3.000000,conf=1.000000)
194 504 1199 1286 , 344 (sp=3.000000,conf=1.000000)
344 504 1199 1286 , 194 (sp=3.000000,conf=1.000000)
194 344 504 1199 , 1336 (sp=3.000000,conf=1.000000)
194 344 504 1336 , 1199 (sp=3.000000,conf=1.000000)
194 344 1199 1336 , 504 (sp=3.000000,conf=1.000000)
194 504 1199 1336 , 344 (sp=3.000000,conf=1.000000)
344 504 1199 1336 , 194 (sp=3.000000,conf=1.000000)
194 344 504 1286 , 1336 (sp=3.000000,conf=1.000000)
194 344 504 1336 , 1286 (sp=3.000000,conf=1.000000)
194 344 1286 1336 , 504 (sp=3.000000,conf=1.000000)
194 504 1286 1336 , 344 (sp=3.000000,conf=1.000000)
344 504 1286 1336 , 194 (sp=3.000000,conf=1.000000)
194 344 1199 1286 , 1336 (sp=3.000000,conf=1.000000)
194 344 1199 1336 , 1286 (sp=3.000000,conf=1.000000)
194 344 1286 1336 , 1199 (sp=3.000000,conf=1.000000)
194 1199 1286 1336 , 344 (sp=3.000000,conf=1.000000)
344 1199 1286 1336 , 194 (sp=3.000000,conf=1.000000)
194 504 1199 1286 , 1336 (sp=3.000000,conf=1.000000)
194 504 1199 1336 , 1286 (sp=3.000000,conf=1.000000)
194 504 1286 1336 , 1199 (sp=3.000000,conf=1.000000)
194 1199 1286 1336 , 504 (sp=3.000000,conf=1.000000)
504 1199 1286 1336 , 194 (sp=3.000000,conf=1.000000)
226 430 480 757 , 917 (sp=3.000000,conf=1.000000)
226 430 480 917 , 757 (sp=3.000000,conf=1.000000)
226 430 757 917 , 480 (sp=3.000000,conf=1.000000)
226 480 757 917 , 430 (sp=3.000000,conf=1.000000)
430 480 757 917 , 226 (sp=3.000000,conf=1.000000)
258 679 921 962 , 969 (sp=3.000000,conf=1.000000)
258 679 921 969 , 962 (sp=3.000000,conf=1.000000)
258 679 962 969 , 921 (sp=3.000000,conf=1.000000)
258 921 962 969 , 679 (sp=3.000000,conf=1.000000)
679 921 962 969 , 258 (sp=3.000000,conf=1.000000)
337 341 508 1163 , 1383 (sp=3.000000,conf=1.000000)
337 341 508 1383 , 1163 (sp=3.000000,conf=1.000000)
337 341 1163 1383 , 508 (sp=3.000000,conf=1.000000)
337 508 1163 1383 , 341 (sp=3.000000,conf=1.000000)
341 508 1163 1383 , 337 (sp=3.000000,conf=1.000000)
337 341 508 1163 , 1546 (sp=3.000000,conf=1.000000)
337 341 508 1546 , 1163 (sp=3.000000,conf=1.000000)
337 341 1163 1546 , 508 (sp=3.000000,conf=1.000000)
337 508 1163 1546 , 341 (sp=3.000000,conf=1.000000)
341 508 1163 1546 , 337 (sp=3.000000,conf=1.000000)
337 341 508 1383 , 1546 (sp=3.000000,conf=1.000000)
337 341 508 1546 , 1383 (sp=3.000000,conf=1.000000)
337 341 1383 1546 , 508 (sp=3.000000,conf=1.000000)
337 508 1383 1546 , 341 (sp=3.000000,conf=1.000000)
341 508 1383 1546 , 337 (sp=3.000000,conf=1.000000)
337 341 1163 1383 , 1546 (sp=3.000000,conf=1.000000)
337 341 1163 1546 , 1383 (sp=3.000000,conf=1.000000)
337 341 1383 1546 , 1163 (sp=3.000000,conf=1.000000)
337 1163 1383 1546 , 341 (sp=3.000000,conf=1.000000)
341 1163 1383 1546 , 337 (sp=3.000000,conf=1.000000)
337 508 1163 1383 , 1546 (sp=3.000000,conf=1.000000)
337 508 1163 1546 , 1383 (sp=3.000000,conf=1.000000)
337 508 1383 1546 , 1163 (sp=3.000000,conf=1.000000)
337 1163 1383 1546 , 508 (sp=3.000000,conf=1.000000)
508 1163 1383 1546 , 337 (sp=3.000000,conf=1.000000)
337 609 611 1231 , 1341 (sp=3.000000,conf=1.000000)
337 609 611 1341 , 1231 (sp=3.000000,conf=1.000000)
337 609 1231 1341 , 611 (sp=3.000000,conf=1.000000)
337 611 1231 1341 , 609 (sp=3.000000,conf=1.000000)
609 611 1231 1341 , 337 (sp=3.000000,conf=1.000000)
341 508 1163 1383 , 1546 (sp=3.000000,conf=1.000000)
341 508 1163 1546 , 1383 (sp=3.000000,conf=1.000000)
341 508 1383 1546 , 1163 (sp=3.000000,conf=1.000000)
341 1163 1383 1546 , 508 (sp=3.000000,conf=1.000000)
508 1163 1383 1546 , 341 (sp=3.000000,conf=1.000000)
342 777 951 984 , 1410 (sp=3.000000,conf=1.000000)
342 777 951 1410 , 984 (sp=3.000000,conf=1.000000)
342 777 984 1410 , 951 (sp=3.000000,conf=1.000000)
342 951 984 1410 , 777 (sp=3.000000,conf=1.000000)
777 951 984 1410 , 342 (sp=3.000000,conf=1.000000)
344 504 1199 1286 , 1336 (sp=3.000000,conf=1.000000)
344 504 1199 1336 , 1286 (sp=3.000000,conf=1.000000)
344 504 1286 1336 , 1199 (sp=3.000000,conf=1.000000)
344 1199 1286 1336 , 504 (sp=3.000000,conf=1.000000)
504 1199 1286 1336 , 344 (sp=3.000000,conf=1.000000)
356 1138 1188 1398 , 1464 (sp=3.000000,conf=1.000000)
356 1138 1188 1464 , 1398 (sp=3.000000,conf=1.000000)
356 1138 1398 1464 , 1188 (sp=3.000000,conf=1.000000)
356 1188 1398 1464 , 1138 (sp=3.000000,conf=1.000000)
1138 1188 1398 1464 , 356 (sp=3.000000,conf=1.000000)
377 810 1020 1026 , 1469 (sp=3.000000,conf=1.000000)
377 810 1020 1469 , 1026 (sp=3.000000,conf=1.000000)
377 810 1026 1469 , 1020 (sp=3.000000,conf=0.750000)
377 1020 1026 1469 , 810 (sp=3.000000,conf=1.000000)
810 1020 1026 1469 , 377 (sp=3.000000,conf=0.750000)
390 404 896 929 , 1465 (sp=3.000000,conf=1.000000)
390 404 896 1465 , 929 (sp=3.000000,conf=1.000000)
390 404 929 1465 , 896 (sp=3.000000,conf=1.000000)
390 896 929 1465 , 404 (sp=3.000000,conf=1.000000)
404 896 929 1465 , 390 (sp=3.000000,conf=1.000000)
454 887 1097 1103 , 1396 (sp=3.000000,conf=0.750000)
454 887 1097 1396 , 1103 (sp=3.000000,conf=1.000000)
454 887 1103 1396 , 1097 (sp=3.000000,conf=1.000000)
454 1097 1103 1396 , 887 (sp=3.000000,conf=1.000000)
887 1097 1103 1396 , 454 (sp=3.000000,conf=1.000000)
454 887 1097 1103 , 1546 (sp=4.000000,conf=1.000000)
454 887 1097 1546 , 1103 (sp=4.000000,conf=1.000000)
454 887 1103 1546 , 1097 (sp=4.000000,conf=1.000000)
454 1097 1103 1546 , 887 (sp=4.000000,conf=1.000000)
887 1097 1103 1546 , 454 (sp=4.000000,conf=1.000000)
454 887 1097 1396 , 1546 (sp=3.000000,conf=1.000000)
454 887 1097 1546 , 1396 (sp=3.000000,conf=0.750000)
454 887 1396 1546 , 1097 (sp=3.000000,conf=1.000000)
454 1097 1396 1546 , 887 (sp=3.000000,conf=1.000000)
887 1097 1396 1546 , 454 (sp=3.000000,conf=1.000000)
454 887 1103 1396 , 1546 (sp=3.000000,conf=1.000000)
454 887 1103 1546 , 1396 (sp=3.000000,conf=0.750000)
454 887 1396 1546 , 1103 (sp=3.000000,conf=1.000000)
454 1103 1396 1546 , 887 (sp=3.000000,conf=1.000000)
887 1103 1396 1546 , 454 (sp=3.000000,conf=1.000000)
454 1097 1103 1396 , 1546 (sp=3.000000,conf=1.000000)
454 1097 1103 1546 , 1396 (sp=3.000000,conf=0.750000)
454 1097 1396 1546 , 1103 (sp=3.000000,conf=1.000000)
454 1103 1396 1546 , 1097 (sp=3.000000,conf=1.000000)
1097 1103 1396 1546 , 454 (sp=3.000000,conf=1.000000)
485 718 941 1294 , 1461 (sp=3.000000,conf=1.000000)
485 718 941 1461 , 1294 (sp=3.000000,conf=1.000000)
485 718 1294 1461 , 941 (sp=3.000000,conf=1.000000)
485 941 1294 1461 , 718 (sp=3.000000,conf=1.000000)
718 941 1294 1461 , 485 (sp=3.000000,conf=1.000000)
485 718 941 1294 , 1544 (sp=3.000000,conf=1.000000)
485 718 941 1544 , 1294 (sp=3.000000,conf=1.000000)
485 718 1294 1544 , 941 (sp=3.000000,conf=1.000000)
485 941 1294 1544 , 718 (sp=3.000000,conf=1.000000)
718 941 1294 1544 , 485 (sp=3.000000,conf=1.000000)
485 718 941 1461 , 1544 (sp=3.000000,conf=1.000000)
485 718 941 1544 , 1461 (sp=3.000000,conf=1.000000)
485 718 1461 1544 , 941 (sp=3.000000,conf=1.000000)
485 941 1461 1544 , 718 (sp=3.000000,conf=1.000000)
718 941 1461 1544 , 485 (sp=3.000000,conf=1.000000)
485 718 1294 1461 , 1544 (sp=3.000000,conf=1.000000)
485 718 1294 1544 , 1461 (sp=3.000000,conf=1.000000)
485 718 1461 1544 , 1294 (sp=3.000000,conf=1.000000)
485 1294 1461 1544 , 718 (sp=3.000000,conf=1.000000)
718 1294 1461 1544 , 485 (sp=3.000000,conf=1.000000)
485 941 1294 1461 , 1544 (sp=3.000000,conf=1.000000)
485 941 1294 1544 , 1461 (sp=3.000000,conf=1.000000)
485 941 1461 1544 , 1294 (sp=3.000000,conf=1.000000)
485 1294 1461 1544 , 941 (sp=3.000000,conf=1.000000)
941 1294 1461 1544 , 485 (sp=3.000000,conf=1.000000)
509 559 836 852 , 975 (sp=3.000000,conf=1.000000)
509 559 836 975 , 852 (sp=3.000000,conf=1.000000)
509 559 852 975 , 836 (sp=3.000000,conf=1.000000)
509 836 852 975 , 559 (sp=3.000000,conf=1.000000)
559 836 852 975 , 509 (sp=3.000000,conf=1.000000)
509 559 836 852 , 1125 (sp=3.000000,conf=1.000000)
509 559 836 1125 , 852 (sp=3.000000,conf=1.000000)
509 559 852 1125 , 836 (sp=3.000000,conf=1.000000)
509 836 852 1125 , 559 (sp=3.000000,conf=1.000000)
559 836 852 1125 , 509 (sp=3.000000,conf=1.000000)
509 559 836 975 , 1125 (sp=3.000000,conf=1.000000)
509 559 836 1125 , 975 (sp=3.000000,conf=1.000000)
509 559 975 1125 , 836 (sp=3.000000,conf=1.000000)
509 836 975 1125 , 559 (sp=3.000000,conf=1.000000)
559 836 975 1125 , 509 (sp=3.000000,conf=1.000000)
509 559 852 975 , 1125 (sp=3.000000,conf=1.000000)
509 559 852 1125 , 975 (sp=3.000000,conf=1.000000)
509 559 975 1125 , 852 (sp=3.000000,conf=1.000000)
509 852 975 1125 , 559 (sp=3.000000,conf=1.000000)
559 852 975 1125 , 509 (sp=3.000000,conf=1.000000)
509 836 852 975 , 1125 (sp=3.000000,conf=1.000000)
509 836 852 1125 , 975 (sp=3.000000,conf=1.000000)
509 836 975 1125 , 852 (sp=3.000000,conf=1.000000)
509 852 975 1125 , 836 (sp=3.000000,conf=1.000000)
836 852 975 1125 , 509 (sp=3.000000,conf=1.000000)
549 915 982 1192 , 1198 (sp=3.000000,conf=1.000000)
549 915 982 1198 , 1192 (sp=3.000000,conf=1.000000)
549 915 1192 1198 , 982 (sp=3.000000,conf=1.000000)
549 982 1192 1198 , 915 (sp=3.000000,conf=1.000000)
915 982 1192 1198 , 549 (sp=3.000000,conf=1.000000)
549 915 982 1192 , 1352 (sp=3.000000,conf=1.000000)
549 915 982 1352 , 1192 (sp=3.000000,conf=1.000000)
549 915 1192 1352 , 982 (sp=3.000000,conf=1.000000)
549 982 1192 1352 , 915 (sp=3.000000,conf=1.000000)
915 982 1192 1352 , 549 (sp=3.000000,conf=1.000000)
549 915 982 1198 , 1352 (sp=3.000000,conf=1.000000)
549 915 982 1352 , 1198 (sp=3.000000,conf=1.000000)
549 915 1198 1352 , 982 (sp=3.000000,conf=1.000000)
549 982 1198 1352 , 915 (sp=3.000000,conf=1.000000)
915 982 1198 1352 , 549 (sp=3.000000,conf=1.000000)
549 915 1192 1198 , 1352 (sp=3.000000,conf=1.000000)
549 915 1192 1352 , 1198 (sp=3.000000,conf=1.000000)
549 915 1198 1352 , 1192 (sp=3.000000,conf=1.000000)
549 1192 1198 1352 , 915 (sp=3.000000,conf=1.000000)
915 1192 1198 1352 , 549 (sp=3.000000,conf=1.000000)
549 982 1192 1198 , 1352 (sp=3.000000,conf=1.000000)
549 982 1192 1352 , 1198 (sp=3.000000,conf=1.000000)
549 982 1198 1352 , 1192 (sp=3.000000,conf=1.000000)
549 1192 1198 1352 , 982 (sp=3.000000,conf=1.000000)
982 1192 1198 1352 , 549 (sp=3.000000,conf=1.000000)
559 836 852 975 , 1125 (sp=3.000000,conf=1.000000)
559 836 852 1125 , 975 (sp=3.000000,conf=1.000000)
559 836 975 1125 , 852 (sp=3.000000,conf=1.000000)
559 852 975 1125 , 836 (sp=3.000000,conf=1.000000)
836 852 975 1125 , 559 (sp=3.000000,conf=1.000000)
575 608 692 948 , 1197 (sp=3.000000,conf=1.000000)
575 608 692 1197 , 948 (sp=3.000000,conf=1.000000)
575 608 948 1197 , 692 (sp=3.000000,conf=1.000000)
575 692 948 1197 , 608 (sp=3.000000,conf=1.000000)
608 692 948 1197 , 575 (sp=3.000000,conf=1.000000)
584 634 927 1050 , 1200 (sp=3.000000,conf=1.000000)
584 634 927 1200 , 1050 (sp=3.000000,conf=1.000000)
584 634 1050 1200 , 927 (sp=3.000000,conf=1.000000)
584 927 1050 1200 , 634 (sp=3.000000,conf=1.000000)
634 927 1050 1200 , 584 (sp=3.000000,conf=1.000000)
718 941 1294 1461 , 1544 (sp=3.000000,conf=1.000000)
718 941 1294 1544 , 1461 (sp=3.000000,conf=1.000000)
718 941 1461 1544 , 1294 (sp=3.000000,conf=1.000000)
718 1294 1461 1544 , 941 (sp=3.000000,conf=1.000000)
941 1294 1461 1544 , 718 (sp=3.000000,conf=1.000000)
887 1097 1103 1396 , 1546 (sp=3.000000,conf=1.000000)
887 1097 1103 1546 , 1396 (sp=3.000000,conf=0.750000)
887 1097 1396 1546 , 1103 (sp=3.000000,conf=1.000000)
887 1103 1396 1546 , 1097 (sp=3.000000,conf=1.000000)
1097 1103 1396 1546 , 887 (sp=3.000000,conf=1.000000)
915 982 1192 1198 , 1352 (sp=3.000000,conf=1.000000)
915 982 1192 1352 , 1198 (sp=3.000000,conf=1.000000)
915 982 1198 1352 , 1192 (sp=3.000000,conf=1.000000)
915 1192 1198 1352 , 982 (sp=3.000000,conf=1.000000)
982 1192 1198 1352 , 915 (sp=3.000000,conf=1.000000)
