83 549 915 982 1192 1198 , 1352 (sp=3.000000,conf=1.000000)
83 549 915 982 1192 1352 , 1198 (sp=3.000000,conf=1.000000)
83 549 915 982 1198 1352 , 1192 (sp=3.000000,conf=1.000000)
83 549 915 1192 1198 1352 , 982 (sp=3.000000,conf=1.000000)
83 549 982 1192 1198 1352 , 915 (sp=3.000000,conf=1.000000)
83 915 982 1192 1198 1352 , 549 (sp=3.000000,conf=1.000000)
549 915 982 1192 1198 1352 , 83 (sp=3.000000,conf=1.000000)
104 337 341 508 1163 1383 , 1546 (sp=3.000000,conf=1.000000)
104 337 341 508 1163 1546 , 1383 (sp=3.000000,conf=1.000000)
104 337 341 508 1383 1546 , 1163 (sp=3.000000,conf=1.000000)
104 337 341 1163 1383 1546 , 508 (sp=3.000000,conf=1.000000)
104 337 508 1163 1383 1546 , 341 (sp=3.000000,conf=1.000000)
104 341 508 1163 1383 1546 , 337 (sp=3.000000,conf=1.000000)
337 341 508 1163 1383 1546 , 104 (sp=3.000000,conf=1.000000)
